23.2482895878
-42.7709527886
27.3944599226
-32.6696826629
0.8966678599
19.7487372974
16.0299351874
32.8235628733
-1.66312294753
-31.7661214515
-0.147392448239
28.8044370685
4.48998362075
17.7375147197
-20.7246486432
19.7946576319
-42.0863565154
29.8223456248
7.82672689894
43.0171880625
20.3773042636
20.4185767387
48.0835461105
38.8342142433
9.82280584948
49.4421702799
38.1179515057
-20.0018408266
-35.2435656355
21.1918343764
-24.8270422453
-31.5417907845
10.2183967617
16.6427447115
17.2512229795
7.24328849407
25.7820991961
34.798011721
-21.0918696306
49.6055224633
7.37101519504
29.0074570026
17.9474630289
-37.2605114703
16.9677149852
-9.21930711034
-16.7346490815
-6.82836950454
31.9160041536
-43.1492065773
25.6021516023
-40.1104540229
0.233760127327
42.4972826537
-8.61053422553
3.51214583485
-39.8942543223
19.1244152171
17.607353123
35.7591239976
-37.9661624902
-45.9630323796
47.8853125792
46.7893402445
-49.5303314405
37.7635653304
-37.4244228133
-6.49093302241
-2.27642299542
10.4213390544
-27.1615591236
-20.5846004835
-34.7923301069
11.0254817611
-24.7336875209
25.1322925207
24.6195674878
41.6847527257
-47.1520630608
-43.2261441317
14.5490043283
-13.1299130216
4.33866207446
33.6055466947
13.6445553174
-12.9450830865
-7.5110575251
16.3797679154
-18.0170813641
38.164514069
-32.5114344311
44.198013523
19.9204560228
19.2390252677
26.2623317613
-29.4453969838
7.1915973572
38.7538306493
-34.2232194131
23.3225985491
25.516513498
-18.6578135423
-33.6128246649
17.9910188422
-30.7196983272
-43.9414207773
-2.02036573153
37.245596517
32.0919121406
38.0165816872
30.4832415203
40.0146017573
-11.2492441641
-48.3096649614
-6.47426314702
-12.9892862272
6.59980810461
25.051022277
24.7253182115
26.6151319988
5.12627823465
-15.275791076
30.7135080354
-49.1479473754
20.8299473249
-40.304989322
-5.49937486866
-22.6365424516
6.81059340947
46.419001003
41.4843376865
-40.3958792434
-38.348418641
-47.2717314377
20.3324651403
49.2200267648
36.8398410742
-21.4929952987
-14.6609278015
-9.40491746166
-40.9222306896
-25.803659011
39.5997196353
26.6831402018
-33.3081749365
-31.1876025609
-32.0049838988
24.4776527316
-12.081337762
47.3891973178
-47.6757630689
20.6671723088
3.97030124301
-39.5017100611
-18.1929594193
-4.99023134616
-6.89102132667
1.34253869874
13.8496978663
22.0451078838
28.6098659953
40.3443644528
-30.3253667176
45.4423535234
-39.6828741514
49.8755383429
-10.9450435784
15.7665924362
-20.2679595157
-27.9057763884
39.2826928587
37.5144343082
-13.3438715836
36.6308215066
-43.9332895542
-8.79353178349
-44.3553375305
8.86008777911
12.161825419
26.1813996113
17.8736877603
11.0181702829
9.01640105886
-19.7265030845
30.1902667669
19.176811557
-32.4255334061
9.87709616004
28.2395914238
-29.384900439
-43.0815633091
47.5653430195
-13.1831342486
-47.584669738
34.9745738151
3.11167724618
30.204722946
31.5728792049
49.3574590731
-3.4260705514
26.5588640372
49.7407500474
-25.7949559575
-0.869005136698
2.00080210635
-32.0624568067
-49.9165681282
-37.4037417826
-5.24752604954
-32.9226939878
42.4168691259
4.6451133981
-32.2775733616
-41.3606527131
20.6402917298
38.1906960397
-15.9042694972
-20.2975356033
-2.080230745
-19.6915947517
-22.6239321329
-17.4307441293
20.6745126033
42.8287594569
-37.958722462
-12.7780549769
-32.0237281073
-2.69149585369
-32.1755265612
-0.860955400787
9.44374056693
-5.72007776471
41.5448295749
24.4310638513
-39.2373916351
44.666578865
14.942041811
-5.22369196817
-3.05918979391
-21.3291917597
-27.8317007422
13.2474837802
-26.1877733088
37.0053970834
-18.6832454058
-11.8012359937
-47.2661624835
-44.7498232545
-8.50692851577
22.7803888362
-33.3132667511
13.5687535902
37.1563223395
-34.9890150646
-13.7789737566
16.5513919048
35.0870934387
42.2526679152
-2.32987166893
44.1235651622
21.2836860937
39.3592000839
-0.30431560002
42.1192502321
-1.44709347303
6.6759372939
-16.2690604278
-18.9636447216
29.584327709
20.1129996812
-27.3999296971
-44.2954490772
-36.4326093506
27.2978844106
-28.4007313147
24.9876630232
23.5858062406
23.4668880428
-10.5562346004
-21.5094610998
23.7696260195
49.1228039618
11.0503900912
-40.7664784236
-27.1054681124
40.1841446707
9.66161742899
-0.197690595134
-12.4075520501
4.6494891596
-37.6343393865
-37.589969635
-15.9189856515
4.68129627549
49.8714116188
-31.9280795848
-2.11575939742
-3.38049060337
9.41835858203
22.6517128596
49.9879516939
-23.1762907535
-3.59014589397
9.8481558351
-47.3822203938
-6.72841915883
2.10054009655
-38.9106259835
-16.7710902857
-14.7270330734
-17.3758224247
-43.6606933459
-48.5555022135
-2.38182279713
45.3750765817
-15.6899158135
15.6238540237
37.030103783
46.3894167168
-10.45306427
-32.6653266092
-49.8046912309
-47.458148076
17.3743978318
-2.3253255357
-25.7028096144
-19.4092875683
17.4061927063
-45.7796391672
49.2471942808
46.0712238507
-37.9145339009
4.264811394
23.1090471922
-18.483663929
-41.3393754338
12.0759844882
7.2723820773
-13.0151654843
-30.4729089246
20.0459214792
15.8227541371
-1.7940673781
12.9810198528
32.0865169584
43.7647449614
12.9994106416
-43.2144100505
-42.5719362726
-6.47861449883
10.8016035569
-9.03972213985
18.91142452
-12.0957528009
-42.4531760787
-5.27085626572
-31.1841761215
-15.3816103901
-15.3630520335
-41.7067274691
31.7599295753
-26.180401192
35.2053464178
2.11694186176
5.5389652575
19.7441337663
34.0021895486
-9.07670751246
-38.210854307
40.2546106309
19.312292746
-2.73331271537
17.2086549152
-44.7489824893
-11.5332761658
19.1248429402
-44.4840382395
-1.71693337792
45.6007379186
24.2666226788
-18.8431801171
27.4771471534
5.32445503998
28.5389161962
-15.4071266793
-45.7435950961
37.9460734767
22.216044761
-13.2751444749
29.8963028861
28.041043022
-30.5326415559
44.3976322341
-6.31504390303
-6.86692509909
-34.8815043123
46.0059728895
-40.9882637974
43.9080022834
-18.2848696658
6.6775996137
-5.96688933024
32.7979578412
-10.5741156906
18.9166341692
-31.4355597649
-41.7733139734
40.1047706292
17.6108436492
-4.86136976783
-24.4434346852
-44.7202524413
-5.10975723253
43.6823017256
21.967120366
-33.6348688558
21.6985299425
38.819855435
-47.0802496665
49.3608222857
47.2071690245
-45.4911050995
37.4250005521
-28.3593858446
36.3566870653
-47.4652156738
-5.12289640589
-39.7556825083
-5.78043836175
-11.287467922
15.9248817722
-45.2760834718
40.9232359232
18.269395344
-7.05455971506
49.4158844446
-22.787596139
-33.6163868313
-37.4291501052
41.880792241
45.621908261
-43.4032908921
-12.8610107374
-18.4094988682
-3.43767227961
-14.2056991541
-6.31397415932
-46.0722743757
-32.2984326137
-36.991174896
-45.3752754266
-37.0894910131
19.8409893087
-33.3148777382
-12.1358382047
-42.543996472
-49.2155800516
-27.164496513
5.14831404679
-7.62119143724
2.64259335208
36.6459248355
33.8999934073
20.2096803751
26.5198361635
-25.2984576328
-44.1911427117
37.8617705876
46.1465573422
2.6293806678
-1.83369590047
-28.3947870134
26.8259207972
-5.94732684217
-31.866591979
-35.3542708916
16.1668150309
42.2884138022
5.21922842579
-0.922882746276
-37.4629938527
-47.8893872698
45.7324294775
2.91364057722
39.8288325423
-9.54617546677
-36.4973645334
-3.89343080717
45.3589921291
-5.06115020385
-40.236191091
-15.5493271221
32.8031667125
-25.4116533386
-27.3936552677
-39.9035045821
-44.7238678137
7.17827778262
-9.09615771585
-11.5948401001
39.1548721875
19.8823617012
12.6461105494
-12.7096608671
42.9052628216
33.9236936929
-37.22913557
15.9908994865
-8.20164484799
-44.7039806825
-7.55224345155
44.7978787586
-44.2381501904
-8.45848692068
-15.2754533192
-43.4091312316
-16.4565337529
44.7861255648
-17.4463373807
1.33371998579
10.8164436598
-16.9263871552
44.8534394349
26.981918733
37.1815872621
-23.5358260655
-14.9266673825
24.7950275637
45.616181163
43.6987255683
-28.7970884996
30.5651163343
35.3635564246
44.6172947535
-27.3495921626
8.11269461038
25.6206457427
-7.0940668981
45.0612984814
14.1277945063
-38.964063347
32.1533393545
-35.2894178479
-16.4811693224
18.2129818048
15.445383636
12.8109164948
-33.2567007807
18.9285962125
19.9419681946
-27.3446653197
32.9783694572
5.40840590642
33.7487547895
27.2064328247
37.6664983581
1.09530544731
39.6620790459
24.3153597651
-8.89523113538
-42.4574068551
34.1656742263
35.7604518851
46.38130387
6.43445158947
-28.8009849941
39.6845479137
-32.1462543251
-7.12693780734
30.7616882814
-7.11652125746
-13.0085696252
0.814505952638
13.8453080447
-19.6468660239
32.9217782019
-36.5382797875
25.8775714696
-33.7075360491
13.6687053142
15.5560401784
24.882828369
-8.98540477751
-16.7676049332
49.5403511303
49.7741147355
-33.5622085644
16.902676499
-15.6634305093
-28.6310084841
48.7016758698
-35.1849960464
-37.5684161913
10.3012338757
-46.1158866981
40.7681514036
36.5801254137
-47.4589928011
19.927627888
23.7510889631
-46.8066260682
17.5784870953
35.0405550098
19.7791903287
4.62056348991
-30.630226379
39.106433827
-12.9166389537
25.1613104671
-1.31685292936
37.7217824114
-7.26818191668
1.37910923275
5.16082163858
-6.06959238445
11.6487272662
-0.454884085448
-11.7580412621
47.0101585241
-43.484361267
33.7066934501
44.8268662453
0.0206045002785
-7.94308144531
34.2253783513
47.4642082471
-37.7932450583
5.00500093219
21.2813959707
19.4515134829
-20.7687517483
-47.2039512394
29.3923041018
27.5530103321
48.8142660619
-14.9951449406
39.5147211151
-11.8824534945
23.4109731747
24.7681335448
26.3896885624
10.2287822611
45.7508220558
46.7951986494
-47.3403341993
7.98049186651
-39.1249907168
-22.8838011223
0.590207786175
39.4233983682
-11.6577241828
5.08007937642
28.8533181409
0.611345880802
34.5700174752
48.7226655685
-23.8076525273
-18.8309527894
-5.70111984386
7.88077977953
2.80990896727
-20.0671003721
-22.3732308222
-12.6205794615
-25.9940611949
6.41782548082
-36.1427461346
-0.498384918631
21.1953608458
-16.9212045026
-49.1386634984
9.53634079367
20.4734674294
24.0677351466
12.4880840094
24.7299588063
9.76519759545
-47.2425761451
-21.4134170051
-2.54540555011
38.5415230171
12.129728348
-34.4326842793
21.509465362
-30.5623863332
37.7809178871
41.9246946736
-31.0157847338
-7.98517848287
11.6741321853
-10.2684612942
-9.28288004434
-28.9374770901
0.400630939844
26.8199185331
48.4999556393
-12.2302123109
21.7248205589
27.84858053
-26.0363334462
40.6553509488
5.80324076039
-20.3704778386
36.9029399679
-43.320376867
14.2944652306
16.526596862
18.4943702884
41.7748994276
-10.1665996708
7.44827702747
-17.039008755
8.89726791273
-23.9612944598
-37.9761215944
-15.9669361241
-37.0360709214
-3.8527333935
-36.0417977544
41.3212699569
-21.1825390591
-18.508240367
8.69629862885
2.62611107694
-6.6698687873
-30.3956314234
34.5210340251
-24.7537206905
-34.2869666305
45.0025142109
-31.3766015544
10.0311157872
2.56913729288
35.5438348875
-21.088854211
-18.5184097783
29.9324636225
22.4051945893
-32.4329864745
11.551447082
-23.5890596938
42.8534098252
-40.7853349515
25.6626830772
7.25378855586
22.8393802218
-45.040148487
19.4547691419
11.7114219186
39.2285259677
30.0450718568
-37.4973264919
-36.2418233155
18.8715631752
41.4291800774
41.5921921087
6.7148640834
-34.2421406063
-46.549860255
-36.12196403
44.5906557792
2.93718409495
47.6015852469
16.7802032455
-5.14620687389
47.7501852037
34.6686177143
-40.2630621526
25.7818984204
23.2768638482
15.6163636555
38.0284092698
-6.89212763976
-7.04460702438
-37.3854308957
-44.9968928363
-2.57131051916
47.6849475197
-45.371753938
25.9661752077
33.8052223299
-20.238473235
-25.1899063342
9.2997418871
41.5623617498
-38.4946037457
20.0254891423
-33.0846007739
-37.335072947
23.5733282573
1.86944519575
0.48059185507
-10.7340982309
5.26373107548
-35.2356340532
30.7925575228
45.3265693086
-9.90565811976
33.2271469751
-24.1056628746
41.8534216303
-43.9623013074
21.7690450823
15.9314572911
27.0104146921
-18.3123765552
32.3405324818
-6.93844544244
1.8818908921
31.3461251271
0.196747907753
29.7989724999
7.00072591551
47.1905132272
-24.7627294068
-31.7674187568
-15.4503835467
0.3885223311
13.1289038753
14.2399358604
-16.2805227869
33.9677567767
35.2020568151
-21.9618251234
16.5854281464
-3.8406847428
27.8125307567
-31.8618530886
-2.54001660142
13.5567481891
-6.39116673907
-38.6420939999
30.7560716588
31.8226678136
42.7504179261
2.35465605167
-17.9249584554
28.7468165934
13.9723858339
-45.023662972
-6.08648050582
-48.2231580461
-9.3669381567
-45.298624104
9.58786789738
47.8223843389
31.7862661378
36.0614666636
-11.7097120297
2.51063710411
7.01772998384
2.03982693841
-21.2422314006
-21.262737528
-23.7073885672
-41.2858328801
12.2188501786
-12.2892235953
-39.4500574612
29.2799338238
9.89465222557
-0.324882901387
8.58712276767
-9.08077381346
-17.3134088443
-41.0483718094
-4.87857057183
-3.85555229107
30.4979815865
47.6595572797
-47.273743179
-47.721457922
-43.4154598791
9.53237429642
-16.5482777062
-43.4446061317
35.8106936589
-42.3881668229
47.9001069365
17.7212692517
31.9531705374
8.1098958134
8.63580030819
27.6794604717
36.8495546281
-12.7254918996
11.0570530712
38.5781296036
-14.5779942497
-49.9432822206
21.3490228386
-8.653394531
37.2521939622
49.5753770648
-30.5773338948
42.7341623904
-2.36195854551
42.0793093324
27.8978889436
-10.0138602779
-31.2101849875
40.6799142017
8.86700314571
41.6436621971
-20.6687672864
1.10599000082
1.34876017752
-8.19971015446
-17.0171634543
6.99641656908
-12.7924616852
-7.67592736614
-24.4370032716
31.3826714256
-41.0441533009
-23.8457555359
-5.6324692046
28.1099715847
11.755810803
-14.8507089494
39.0448713932
8.11008153029
-4.71262489065
46.108075723
-30.9688009859
-25.4253321199
-29.1676706082
14.7176507879
18.4870327424
-40.4554210726
4.46832705916
-31.7947493293
21.8015170831
-13.0763897001
28.6220961661
21.3426114485
-48.6793454938
-26.2730415456
37.9815487586
37.9949518425
10.9079551464
4.89434016792
30.6627302551
26.1862309003
-11.4825860354
-34.4061991632
28.5090145608
27.491147724
8.62173163212
-45.7931530216
21.0989746257
-38.0578253442
5.20751514935
-30.8765134678
44.1143418693
-46.8199465591
-8.47633511948
39.3204515861
-22.5494391381
35.9942494065
-20.1094350661
27.2668291107
11.0277220021
-35.4700516082
29.2562360809
-35.0050782402
-17.2974339807
-14.3624596917
-39.2390484953
-43.0811839226
48.5396176022
23.8548046631
-2.17073098456
-28.4151461313
45.1380368658
26.8858040581
-38.8159555807
9.53989412399
43.423234542
22.6176189393
-27.1604318698
-16.5927966534
-44.1632047844
16.4110738932
31.9676941629
-23.734432299
-32.5509255274
2.14238443026
-35.1504643784
-35.5215364227
-42.5428217964
6.15130912634
-29.2887546551
18.0954966393
-26.6731446066
27.1181670515
41.9787404635
-8.86476317278
-17.343377418
42.7226735408
-17.9562293801
-3.87840239939
10.3443810668
38.3721383603
49.5085710487
-34.7904804326
20.0374584937
-38.0607928606
-31.4957364605
-11.6714741046
19.7088370772
20.8197110305
-47.9000838443
23.2381053268
43.4333423696
8.33046843799
-29.9416458723
27.9401344074
-31.0384250985
0.693146738619
-24.2947727774
49.2936384166
32.7116413052
-42.6481185473
44.5584119905
-12.7867488994
15.140121303
6.15768741033
17.4709694765
28.2709241636
30.9881794218
23.1393196268
8.55210197488
-19.1985119208
-7.23461571064
19.8696308269
20.7638672487
-48.8710271915
29.0866540432
-26.2477528857
-15.3621218718
-30.2798622652
-34.6096734655
23.4413047017
-0.0262876765438
-49.7051288979
25.740497937
43.556506806
14.8781476169
23.6339607196
15.8305706448
-37.8664298695
-6.8733125435
17.3671484612
-19.9829351098
24.2459000703
-0.0492288368244
17.5297143429
-33.1634494787
46.1918784567
11.7150899061
-38.590582275
48.1840171247
-5.34628824718
37.3735982829
-36.4573698235
-47.7485673746
-37.4738943234
4.63785641419
-18.371699261
-43.4400491535
-1.38820285789
4.6229867847
15.484939258
-25.9414099021
-6.38249557451
-42.7912993393
-1.47509153685
8.07140323179
33.1483681664
33.0585243708
-24.3384562452
-42.8059413743
-10.2902129692
-24.3012198265
-37.2855546063
-19.9009130572
36.4696117837
37.7695313959
-12.0600839408
-14.7067862638
40.6603764267
48.6854786998
32.9626280381
-15.7939502947
-12.1087557299
-26.1353861982
-27.6357121546
-10.8446981423
-49.3327821561
-48.414518798
38.8413962316
21.4102546787
-42.7150290944
15.6122322952
47.8735720116
48.2436917353
10.1083587339
-24.1130187514
-26.9792806215
20.1709955569
-49.5222948511
-26.8618643376
-30.6708860362
-39.9162989341
-30.1738936947
-4.69807370541
9.68286975583
-22.9859633591
42.904751702
-14.6135535222
11.0946716969
-47.6453607659
44.0357196843
17.9241702211
-7.99470139656
-47.1472082131
-16.26856588
-6.90616968452
-26.3202720328
-46.1126476703
48.5830640034
-9.87104052469
31.750350709
5.86540927456
-22.2852324454
-24.7153028535
36.4568448073
4.71479237278
-12.6119764592
-41.6145651348
-34.17322868
20.1772389866
42.755544025
25.5696198391
-8.92617032062
-43.6424824392
40.7752635926
-2.99540930928
28.3486017262
-46.0455489078
-43.8848062282
-20.3235807475
7.45346080154
26.1752249666
16.7860247617
48.5602978108
2.76966449759
24.064649469
34.1099994348
-45.6773689183
-18.0680107422
-19.8235508699
-38.5626072688
7.23609666986
-5.27132506849
-39.5801933227
-44.5600948253
-2.67861290531
41.8614356511
28.3706431292
8.51361430967
-3.89185727477
18.9348651305
9.93294791082
-39.7794552622
-5.24330430072
37.8014945495
37.8302531918
-47.2812957606
3.20241110414
-22.2550365195
-27.4234902026
23.660619204
-10.995259118
18.5671261644
31.165561094
-10.8680181164
37.1384245739
1.31402903655
36.7070908663
24.8689215785
33.7431321562
10.7610346341
-39.3740792303
-11.6927319271
-17.7428867837
42.2620283666
13.8377587774
-42.1260370801
-10.6106006615
47.9478521919
-3.03489358317
-4.45012468603
-47.6447051613
-22.8609050102
3.44648991625
-9.27768600933
26.9967522241
-23.6576683627
-13.2399940221
-45.3447093914
20.563026874
-8.52485292956
-18.367802659
-22.1159669784
-34.4866245333
19.659817219
7.39308846523
-35.133317694
30.511955411
8.10040269273
36.8793856793
46.6819117031
3.97653438331
19.8963156826
45.6914960133
47.8833383972
-35.7298642294
-3.22942504632
29.2470809205
9.17449266614
20.9771729424
24.6839499445
-10.352105654
30.209107133
16.2531145465
-24.8167245161
-39.9212746354
49.7101955751
25.5684893582
-23.2899104775
-42.7091993629
31.320986449
-39.3328947971
30.1692845733
3.25262438142
32.4343077118
30.1820274809
-22.6805852111
-10.6208164196
-8.2577658376
41.5988262021
-39.8712597544
-45.9754854859
30.4764551822
9.45722564816
23.1686000871
15.9612115697
10.5116743434
5.56123096034
13.0699732863
36.4729861312
-46.2945876573
41.8814013021
3.56906519261
41.5397491975
-1.97856412958
-5.90245073421
-26.2869517327
-4.34572146477
-0.759276181527
6.54096130382
46.4771403868
28.620826737
-46.6139267009
-31.0822294298
-24.2994607828
29.1796828212
-7.65896340578
-12.3043286227
-6.20705318622
-26.9789676196
-19.3475275762
-40.4384638299
3.66761358579
27.7065393353
32.6847152769
10.2228345827
-8.18059620416
9.31943647909
31.6933970914
-34.758889918
8.00880005694
-28.725689753
-3.94920369813
-1.42849735698
-37.4179873866
25.6569669875
-11.98928253
19.7241676271
-17.7204052224
29.4925513794
-38.5657087035
20.7204560232
1.47107678676
5.0726831828
-20.7390636906
-49.1727657738
28.3464332737
7.41702529431
-16.8695065651
42.2149060805
33.1229051768
-26.4426052331
-14.9419131954
-31.6529471905
-8.17927367159
-21.6152945904
2.81133489154
-12.9883085035
10.1234286426
16.5700685649
29.8197228734
-45.4260826724
42.1804135837
-10.9599424011
20.6317819869
13.675808595
-34.5620194922
-40.1342432307
24.3131766728
17.6944781673
6.14929608613
13.487501669
-13.870666323
-24.6035034342
36.0420808634
-42.1848411439
33.2554483632
14.6279102277
34.298030718
-9.57230345442
-25.3254982638
-17.6896376417
-41.1396298101
46.7811264371
-0.627706707703
20.6732897519
-2.82688546188
-39.0978998088
-47.6004876826
-26.2161271785
-7.12245398701
-11.7783778863
-39.2338306272
15.7093295463
9.1313665049
33.8932336905
-31.8268037174
-19.6478039409
-47.4151061538
-22.3344809091
49.8388155916
-25.5950882688
-37.0254338401
-41.5148523961
-40.8952064144
48.0783590315
-21.071142749
-39.1265169156
0.535929940623
-36.5973038954
-49.7066186986
19.6024497152
-5.86677485726
-12.9218322905
-23.2354485978
24.1870895208
36.6930235983
27.5146445116
-4.553077147
-7.19845509444
-36.4183154446
-7.36770078213
0.637353045772
41.781601841
17.3701495111
-14.3844644497
-45.8624721699
-42.0485314522
-48.6982630367
-5.88925051092
-23.4120308985
12.2948474601
37.2060037238
35.2093105714
-20.7703384447
-3.1064957592
-12.7638487134
-40.6788062278
34.6687980556
6.35911895058
-25.3216987306
-39.0414766892
30.028314744
11.1887746995
27.0460445723
-16.9820210435
-32.0719833757
33.8647167983
11.5511371934
18.565838024
35.6471908548
39.1083175048
-18.6911231599
-35.760093095
-2.21910160087
20.9177230277
29.2374464048
6.18619853167
33.828612552
17.015892552
-38.0026043209
3.48223576556
-40.1449255284
-13.008259305
27.7706188138
6.20514729888
-4.89804547615
49.0104972532
34.6207735487
-18.6597056063
19.3913719218
39.0350316746
37.6044095266
10.6539626534
24.1600008313
25.8319621287
33.0142004513
-46.0374087864
-42.6952789899
0.525532644979
11.3556207756
18.3001796529
-7.47023494814
-34.5565672201
-29.2409152022
21.8295254953
2.96805493038
11.201492583
19.6295179556
-24.21314696
21.0432159247
47.1584586595
46.2387567812
-3.8133931161
35.0565190018
-32.9092345728
-49.4200927167
25.4860286661
40.7503195376
-6.64278136313
-46.4435677725
-2.31345094748
19.6964546929
-18.9556504136
-39.5272375776
27.4535437286
38.2458191171
-38.2905184932
10.6996303214
-19.3289172254
30.0254524082
-19.4882906674
-43.1882878668
-22.1473364705
-17.9731460953
28.5142155744
-30.3850729407
-47.4523294946
29.3001137814
-32.4057603837
-44.7493872154
-27.6642332745
-12.4355032142
1.28477871102
18.1646959485
31.8389920571
-12.6457629248
-26.0614014209
-45.2374891295
44.2488394782
9.89997592117
20.7206565564
-5.68097943991
34.4074393171
8.87477360561
-37.4044271651
-28.790407762
-23.4602168059
-1.21577090391
23.946902974
1.08810671348
0.167035703263
29.6133006632
-27.9305790748
-42.6086589062
15.9191383845
3.41062611562
39.6070508183
6.33620092952
-18.2517532962
45.7930476186
-48.2562101071
37.3193659519
44.3966466524
4.42161963897
11.2160652949
27.5698809795
-8.91214213026
-17.9045470674
35.8421116341
-31.9750419819
39.4381829833
33.365031735
44.8041990657
16.0104939788
0.590077919966
-12.5054686385
-20.6764269026
37.5932859735
28.6259441303
-30.1289320527
42.3581098238
-45.9865262114
12.6101225123
-5.22977980855
31.3755761701
-40.3993445467
33.0143577533
-12.1950200811
-2.84812410686
-7.77229767115
12.6326561909
37.8566616689
-21.8849590535
-4.2019425169
16.9749981614
-27.0095497709
-20.2202828978
-10.5678354439
5.58176786577
36.0421815702
2.29569875688
-23.8077358152
45.2956979356
-39.7712520686
-2.38689677379
35.5322873937
-29.3619358367
-24.4874151708
-25.7872827361
-39.5893682184
41.7337236008
10.4642347489
18.6399072843
21.796045543
-12.5655387233
45.6878835401
19.2004637203
40.4716336092
38.6340617777
-10.4304221835
-13.5970854559
-25.4085141947
44.763555496
32.459770414
14.4187988929
-46.0592396843
-28.6198023441
-18.6413678873
-43.946989836
5.13856515374
26.4791148219
-45.4459549626
-3.3321698105
44.0539584971
40.915409945
16.2333574286
3.26764495854
-38.8544476432
-22.7917743814
15.9651497303
-31.9544337019
-24.2530501939
-2.05526508498
-19.6109269525
27.5298951292
-30.0587426848
7.08971380969
4.63908529013
39.2640719827
21.7060865305
-43.0757295897
-42.31876528
10.3145219755
-31.7168545437
-12.1492591688
-3.43610841114
1.370197298
21.2218459608
-44.5979632173
-10.2922778007
-20.6604662967
-22.3104432953
35.6268829152
45.1343197308
28.3787153538
-1.008203125
-37.7060761385
30.1512772759
-24.4569054235
13.5857963075
-32.9478328662
5.30135186475
-32.9635880598
-47.5880910615
-23.0480588258
-17.8609171076
-33.3206740792
19.8527477021
34.3749578472
-10.5978462159
-31.2524547025
-18.3962903857
-10.8741005471
-17.5832072384
-45.358128413
1.73758840938
-3.49501686262
8.31976490941
-49.9412131663
1.53482692957
-9.88269509893
-27.7369276045
-48.5100644471
-4.46874312806
-47.1415399761
31.3751120236
4.68011639915
46.8821199384
-23.2062508261
-49.5705394918
9.09819882107
24.602183086
36.2208495729
2.58358423719
-21.666111599
28.3325981031
-14.2246346557
-49.7330494765
5.67661536918
-24.0343280085
-0.537082450462
41.2375487798
15.1589379454
46.6166310202
43.9713644371
-37.7362095786
3.50652584638
12.9670867815
-40.9630439797
-31.7022791116
-43.4577433994
42.8700687373
31.6667261852
49.2551938627
20.2567637307
-34.0483175696
-9.04907952129
-46.1205081051
-4.3184641976
38.1815150303
-10.1040471884
-18.3367377773
-39.0925262869
-12.2264416538
-25.6366177827
27.7113990659
-49.0883051809
-40.6558284131
-1.98025269205
-40.0170813709
2.60297890139
37.2587323977
-45.5087982857
9.52505418579
-32.0526755573
32.3109144069
-42.4629539614
38.223242314
6.3296249082
-4.47366330479
24.1344754611
-21.6732068585
22.7363978921
-10.9382988211
-29.8761376605
-8.77232081004
34.8884672239
-16.8324543276
-5.31899870844
-14.8353932879
36.9327565367
-4.27371481293
36.065888548
-30.824110681
10.9283318123
-31.0816805914
41.7772747716
-31.2878750011
22.5983517162
-49.2681547893
49.6347429824
35.7602363084
-7.35501424581
-38.6470496375
23.6219500678
-5.77937642697
38.7977840791
-13.6097197496
18.4784443103
2.62024011457
-44.0168660639
-48.4368620304
-23.4297007347
-40.2071013285
-7.94953011636
-20.9334496782
-43.8983842285
-28.7238403002
21.5702170788
-14.8040224482
25.7000620849
-30.8193474943
2.91227470697
-42.055026876
-18.258375013
29.6579276601
-15.7233064857
43.1293203896
42.2383886283
-29.8617353991
46.80404856
12.3143818349
49.126006273
-17.0865954238
-4.99984437905
8.57089157982
34.7943056811
-0.850458370033
-22.8903365004
11.1755643112
15.5258601628
-25.7027219511
45.4493506997
-26.2773867981
-27.3816667222
12.7986268316
-14.285147592
18.3030346767
-8.34571548143
-16.9530694078
38.6746140521
-16.7915020641
10.3991759018
12.9954669499
33.2223614283
-28.855320815
-12.6157475854
-21.8577063745
-35.6324551112
13.8372634774
-18.8780311264
38.1800188908
-24.2608192564
-29.4633164169
-26.178734934
5.55623953437
-47.7929419119
-47.9275061298
-24.3370695985
-16.4872730707
-48.6238058331
8.94539415202
-45.6185517702
-2.77441769566
8.87974685727
-22.8205597874
23.5270364218
48.7276675797
-41.2410592162
32.2441038864
5.69166471695
-27.9413455014
-3.321054155
43.3715226512
-39.7503664456
-16.3776116857
-15.8701599511
12.8893999486
23.7102270953
13.0398048979
-26.1113754852
48.3649284097
-38.3547896912
-32.7164567786
-32.9560770439
1.20700627424
4.26230696404
6.90428950003
32.6865149026
42.408684429
11.2777696653
-18.9997847803
-36.9484683105
-43.7468092094
-47.4427585691
-17.1521262804
10.0213943025
-47.2620534641
44.5439819149
-16.8956880304
-15.8372830448
-35.0248658458
-21.5008544054
17.1423805367
13.0143327817
1.18812687379
-29.7981690465
-34.249613019
45.8310021398
48.5704509015
-35.5031411554
-2.71304213934
44.6505335137
-8.62253153716
48.9420284011
-27.1417929551
-12.0757772437
-18.1556179985
44.2708674568
-6.2739913042
7.64979386325
8.77014391232
0.449136141234
-6.42802720348
46.0865182972
20.8525288328
-34.7734090952
34.0889989016
14.5944309152
36.2728326599
2.03583990659
-4.75769074578
7.94033650209
19.0734607965
-18.0416289319
39.1039026713
10.6658427331
-33.4369075585
-9.30214126039
36.0921384309
47.0629134755
-39.6708184395
-26.3256916874
-32.9726027712
-27.0017212858
-27.7473336296
33.186721216
26.0318235616
3.49828473632
-42.7938629299
-24.5731485128
-24.3152191468
9.37582061746
-15.5078569349
47.7694801397
-49.7465875363
0.0400173411474
40.071092809
8.09778167071
-11.6342785084
1.89069033908
-48.7329815153
-4.15705276928
21.7273366285
2.77190897365
44.1063396556
31.2157012795
41.592239734
-2.33073582065
49.7578335116
-8.82524965229
29.2289648543
13.9038008914
-34.9597847267
-41.6983974808
-37.3018549626
20.8202515474
31.0628199406
19.5013439983
42.7608183045
5.96497908184
-25.7423505856
-27.5861639999
37.6743544202
49.6356951887
-38.0135339463
39.5688329844
35.7972220708
-7.04115871499
35.8906322044
-35.2048906587
37.9427518418
49.0928585997
5.01062730701
-37.4774065036
-44.2589746678
31.3626646072
-38.6330557003
-25.0867188951
-29.9754898228
-11.9514062877
10.4345884007
-17.9074333768
-5.13412414968
21.9034381614
-30.8554526578
-19.4883949381
34.662406204
20.9245151539
37.9810220138
46.0485161729
-1.00164819209
24.8350693888
-37.7040724797
-11.9116832987
31.3224217084
40.4854401535
-22.3198513646
-31.1834146711
27.5252847215
-44.8109615084
40.8465902825
-24.2383452808
-44.1007905192
-30.3528173105
19.034371593
41.4276196644
-4.12503186534
19.8293349598
-34.6074920729
-12.4418843424
2.16143665893
16.2671777567
-49.1150839361
-33.1012757473
45.8641674454
-41.7843521371
16.7647835734
1.95760227769
21.2869696006
32.7442853197
-41.8492565871
1.83145032
39.4380257481
48.0283086605
-25.1022126937
-18.2310337227
19.35987131
-36.896667261
27.8354126099
-10.4269239654
-23.199207607
24.6399883157
-1.24741601452
8.08756103964
37.2554143887
-30.1033912844
-33.3660554005
-23.7949962336
21.8471974543
48.6148426921
17.4970451665
41.2535568978
-43.1715363695
-34.4685828185
17.8553690874
