17
78
40
67
65
28
8.99554951216
16
35.5958251454
38
45
2.1864202705
46
27.8169255127
60
97
83
25
88
77
93
4.50901016591
67
30.3925164605
5
7
26
82
18.2200558189
80
83
84
47
17.1779802629
45
28
34
64
91
47.9383821947
7
37
5
43.7425836109
70
22
15
24.0830711929
78
64
71
73
68
17.1012994266
91
45
49
22
86
23.2340265824
2
76
91
20.7077727193
24
41
66
100
81
30
56
84
54
17
38.780975589
93
90
19
7
73
35.6906504197
99
1.66554579398
60
84
41
94
1
61
66
73
85
48
51
96
22
67
100
2.06228410051
0
34.4889054613
24
28
12.7099811713
49
2
48
18
60
0.190726764984
80
79
19
17
91
32
48
8.78667222025
12
67
86
41.2934073222
55
40
43
14
69
24
90
90
31
1.45426881812
66
55
13
94
29
36.5611720519
63
61
27
51
54
10
10
94
39.5517130383
92
41
25
2
73
16
37.1030578696
48.8335420723
30.4664690717
68
36.3012374746
60
30
6.04442362679
69
69
100
0.838232746811
39
42.5032640275
88
94
66
23
84
9.46768135346
35.8825219994
23.9846975755
34
42
30.4017821456
70
42
42.8026622655
37
62
39
26.5984914872
19
42.3819147537
24.6862157334
76
61
25.3721216541
1
97
10
25.0775461231
49
42
98
81
51
78
46
40.8091439752
31
29
1
71
99
32.315105152
73
34.5284001869
18.4533170318
63
94
43
28
82
17
34
16.2365435668
60
90
32
56
81
27
46
0
55
42
10.5696579667
32
67
77
3
43.5647200569
48.3317416378
75
96
33
11
68
61
90
60
31.1156372648
46
21
46.6114736139
0.262155628681
61
28.5945605765
21
71
74
47
9
40.5935331226
80
0
79
2
46
91
96
52
23
43
56
17
74
9
1.15931921002
10
46
2.46847579673
2
23.0984435218
47.012977468
67
1.79903702517
14.632537468
29
41
29
94
51
57
59
83
14
29
10
73
57
69
37.9166902548
47.7513281132
35.5415272715
9.79926994382
84
53
90
45.0554491309
11
77
85
52
21
15
73
31
53
13.6332009786
81
97
60
79
39
98
31.8531266598
64
10.0623203218
33
81
15
99
33
88
38
64
38
19
74
37
78
54
17
5.09490825241
28.2169395604
93
33
34.8566835781
93
12
67
38.9903757511
86
24
95
40.6174058093
100
14
26.4420234841
36.6080300895
31
48.5577998665
38
27
29.9163865915
57
56
92
44
43
23
10.7608507378
85
14.6679606629
90
1
49
74
0.271013788132
33
20
34
70
82
11
44.9693148382
35
65
20.4768245213
87
11.4773803585
47.7636290864
89
90
80
1
16
30
67
99
40.8465507686
31.1500378074
19.445836445
20.3036940961
81
32.5946770075
96
91
35
8
57
11
63
27.8495454464
21.105724896
99
24.6494936262
86
0
2
12
20.5568981149
44
33
66
94
12
38.6275041692
17
29
12
68
23
64
50
83
7.16032749976
86
3
48
54
38.5134912799
41
35.0949408332
73
70
13
5.87514193781
90
76
16
0.520793918902
83
3
14
99
12
44.2011972584
10.5138674899
75
1.50411520958
95
5.492487226
17.6148223443
83
41
15
68
63
3
18
27.7301187141
100
54
4
14.682273843
83
43
38
72
14
4
31
17
60
21
33
33.1925795652
12.5591329681
98
66
8
96
58
28
16
49
51
23
48
42
21
92
91
36
67
48.1209744637
22
74
50
61
55
4.6160229137
8
55
68
66
73
4
72
0.330814145984
85
38.7494911997
33
91
10
52
2.39564037358
51
14
93
66
100
21.7673160335
14.1484595448
73
81
8
79
95
31
35
85
17
58
12
56
76
17.3741797612
58
22
54
74
0.000958363193188
98
6.44242220724
40
94
3.80807006614
18
0
4.91592191484
38
72
5
92
12
4.28424126881
16.087064212
34
91
87
72
46.7324663745
91
77
13.1083793469
8
47.1157951479
3.17286531169
96
47
10
11
84
17
61
30.5737014571
20
97
42.6456122704
14
24
17.519200623
31.8711976173
15
39.8789297766
40.8619058132
25
82
15.2751383989
92
14.8728013921
2.16252687903
26.2629021884
10
21
10.130537111
14
55
8
40
31
4
36.7925266264
12
60
87
43.7905363782
17
33
24
46
38.9657229181
16
0
21
38
100
73
53
95
1.31454151261
18
41
75
24
82
9
92
2
48.2549476152
33.8713334867
21
49
65
7
39
1
46
17
76
9
17.4424419652
14.8291956862
35
48
27
74
12
32.3760858935
15.2954581574
7
19.7584039365
54
78
69
18
9.90814187996
54
8.40020515778
5
25.6754355054
9
66
52
38.6229082369
24.7622405238
94
67
83
23
7
32
20
13
3.67130565649
19.5621070622
45
50
41
63
23
38
75
91
74
38.7439619387
38
6.61524253895
61
56
0
26
12.6840470529
66
35
63
37
80
41
21.5432231921
14
74
7
58
16.2695750045
19
84
22
43.7316153229
99
30
30.6776433485
24.2403407082
95
4.8277489052
24.8354012643
47.9555183382
96
67
76
5
3.15293966538
8
12
12
97
85
17
26.598189112
66
46.6782734781
24
60
16.9284811535
17
49.4869028808
49.5339018822
32
1.55555993444
20
73
7.23749238567
5.03479425136
3
94
14
6
56
3
6
71
49
47
24.2261248831
36
46
40
45.7296993005
71
81
69
2.26974040641
46
81
20
37
31
86
19.830083139
21.2038991454
30
32
99
65
52
64
13.9610598923
64
40
80
24.8173336126
74
15
16
15.4124524911
31.601698009
43.4149351352
89
43.3541740811
52
48
47
11.3847310608
31
91
16.9774390835
97
28
4
39
83
40
67
6
0.726430476363
39
48.086201195
13.8776821508
0
71
42
85
77
37
12
26
88
37
26.6341085818
12.3562349367
31
38
81
77
99
33
16
32.5252795897
43
2
43
60
43
41
73
43.9883122312
76
50
7
3
9
12
51
42.5190906409
93
44
78
81
56
46
18
71
40
30
70
49
13
44.3969992646
15.5178861479
39
25.592407687
59
20
48
14
19
53
35.8302087657
94
71
20.4986336611
34
68
73
93
5
96
61
100
38.1213352353
33
61
31.0410600682
46
32
22
46
22
91
26.4454985026
90
6.1696809698
3
45
97
40
25.8187541694
4
94
84
28.1328100641
73
68
51
94
29.7741709598
87
0.727537389513
45.5690107778
12
11
22.9049827108
56
46
8.54564559194
47
0
2.15732476013
27.2440762647
90
68
7.87559961832
77
72
91
90
26.6838628781
62
11
67
62
78
48.9929242972
96
97
23.1767872205
42
18
4
37.8253813986
37
51
18.7079731457
60
56
65
19
68
100
49.5491930432
1.75342821062
76
29
43.7171049246
91
97
0
5.41024167128
45
49
99
51
92
87
89
39
42.9687632528
84
30
21
94
10.575816223
47
78
1
13.8204359837
35
79
28
37
77
96
18
78
49
80
3
24
0
67
77
2
24.0241109606
27.1152693015
66
23
33.4116324154
9.98442766988
63
38
67
27.0636681915
27
13
65
53
83
64
75
49
0
36
33
9.38884530987
70
0
55
59
32
34
46.3899815074
0.912270906421
29
80
7.69552240358
44.5182421776
95
36
39
12.4922618132
32.1578976204
24
56
86
46.7552657605
96
89
85
33.6193593299
9
45.1298241575
59
75
51
41
84
48.0065864639
21
27.9339891731
49.9167442289
99
81
48
95
50
1
7
45
8.21436526
43
84
3
53
85
9.95047227605
14
59
21
48
39
4
78
10.7487134657
40
48
19
21
20
25.5913371692
98
18.2351457916
19
37
37.8896823179
77
75
15
41.1066705956
75
62
4.65017128007
63
19.2561523652
13.8925684178
59
55
65
39
61
59
45
24
65
32
99
14
48.623856833
5
13
40
55
10.0989659251
29.1745755186
59
3
55
24
83
15
14
50
64
49.45531787
32
31
25
29
4.63285541024
7
40
74
37.6373727077
97
15
30
63
30.0961099854
13
11.5743593254
69
79
26.6453722767
84
91
47
49
62
72
31.3762456178
20.7089495592
66
25.4922097132
47
48
18.9987591584
75
12
28.4167366623
32.6968483513
76
35.934161527
28.0125652145
95
69
11.1898175825
3
46.3804223564
74
89
9.61755920612
63
4.14484156272
18.0677299754
23
55
39
4.70391912648
26.3336319264
34.091330003
86
31
30.78546449
73
77
90
37
41
5.75377772225
75
45.3578477275
66
91
24
26
33.2979697552
13
13
10.1637147369
60
25.3553404357
3.6552627905
23
1.67772673229
96
52
100
26
85
61
11
36
33
32.8076378153
20
47
99
96
50
38.5212325132
8.15218906735
60
80
73
3
53
15
0
9
15
24
78
59
91
2.88274889146
88
4.12593537228
0.549089235543
87
3.0322552356
95
8
49
62
85
45
21.3993141898
53
27
96
39.9409909033
43.989869345
61
66
22.3135579904
27
40
30
47
68
43.1477752166
88
97
45
66
48
12
31.5858051163
90
83
85
78
39
64
24
38.2083175599
32.7292252259
22.9769038585
79
14
12
95
19.0946806814
86
12
47
46.2308195461
95
96
53
20
67
26.5378869522
7
19
17
69
85
63
36
0.51480086933
31
96
27
4
78
30
3
54
45
90
44.0693654424
24
94
3
84
30
51
11
27
36
13.5582798005
11
39.6542586406
10
48
36
22
11
30
25.159313149
83
70
5.62547284395
67
82
41.346192234
37
20.1284279584
98
5
34
19
89
97
25.8520415429
44
53
35
83
70
79
49
37
64
12.2172851125
61
35
10
84
47
3
5
16.6901434467
70
99
80
80
20.266796432
35.1656460561
99
21.4115412856
36
0.998133307533
59
51
11
1
47
16
30
33
85
64
33
47.7911639292
87
27.9951567619
29.4975600072
74
51
66
43
6
29
58
34.735199644
14.9106437716
34.3277596987
58
33
17.1503279259
94
40
57
51
21
13.1067651067
92
13
15.3372862069
33
45
66
48
11
97
30.7402628711
98
4
93
27.7894845648
6
89
38
15
12.2950918577
95
40.5868671506
49
32
60
75
76
61
32
48.7904393356
49
56
26.3557695465
12.0384504262
93
9.8553418089
68
62
17
82
57
65
81
18
44.6650532352
43
9.63423882214
8
28.6179201101
22.2465832126
14
6.67186980187
95
63
10
16.2975792553
87
12
32
66
1.14094801636
15
0
39
5
10.5136594893
62
28
8
43
7.53651993929
79
86
34
42.0070775193
80
61
40
49
0
1
45.7585533964
77
85
10.6287287547
14
93
80
67
28
17
41
24
14
49.7248060335
65
59
77
3
38
71
20
90
28
65
28
41
34.3563779247
19
58
54
40
50
43
82
50
88
58
96
53
100
38.2853221827
88
78
51
100
45
38.9373618939
26
41.5025835608
0
92
3
23
15.5998233856
67
38
100
2
7.78087282519
68
90
22
32
46.8275055447
41
79
39
5.31358409707
3.05715839704
33.7235343463
53
29
46.552181606
31.8769865382
10.7065749397
89
20.394189267
89
99
39.311445745
24
32.2258845703
50
69
5
37
5.36709427007
76
51
42
63
44
93
97
34.9971183864
25
98
60
40
22
14
44
40
23.7000858735
55
32.7263902024
14
52
77
0
10.2272474943
24
94
86
37.3391346451
79
77
44
98
77
10.0299984492
66
23.6686772487
21.2618670665
28
44.9633891557
9
27
13
33.3621575743
23
42
38
86
50
10
76
64
94
10
29
16.4056942509
21.38521714
39
73
10
43.5654365295
29
8.12287549764
96
91
72
27
45.3138148665
1.54674047846
23.2988464156
9
60
82
68
49
51
45
14.0316893412
33
12
59
53
85
11.1431970652
33
36
20
87
98
34
42
14.7308062818
73
48.7128329927
47
55
49
19
36.3713600441
43
56
19.4245837305
4
12
3.50293738984
0.805459165915
36.323324135
45.5615304902
59
9
14
94
8.71157527827
75
17
26.8718329188
5
1.57129834881
56
24.1262607358
28.7993155308
15
81
91
89
64
81
24
71
55
1
52
57
73
13.0436288309
40
32
17
22
30
19
72
59
46
24
16.7159165914
37
45.4815552742
37
94
8
48
75
42.245050902
92
53
18.4728095061
4
87
96
51
67
44
41.4701552679
28
22
4
8
35.3757060124
62
58
45
45
92
86
0.905244030131
51
34.4060929524
16.7243217844
49
27.8392993559
35
22
4
22.2655770557
2
35.499924342
10
83
7
94
5.14554860239
24
24
100
14.604836096
32
25
49
13.1853033768
43.9520637887
55
11.6035973123
48
61
32.9845159425
0
40.7888115764
74
36.4484130488
67
43
31
44
91
47
28.2595829787
15.3012846774
10
11.5956111247
94
90
76
35
80
18.763145962
3
22.4588182879
13
0
20
19
48
1.56364419084
49
44
20
84
20
1.56276950962
15.847825351
12
18
100
55
44.3246607901
62
94
39.640660343
12
39
45
35
75
74
17.0869856233
45.7111293679
16.0466954617
12
26.1049923216
98
75
21
21
99
49
80
7.53265896993
28
48.5200314305
4
13
9
43
72
39
18.4384532615
53
7
39
87
23.1758697177
12
39.2078093679
32.5280471889
11
34
66
62
10
4
28.1026555064
4
58
54
74
2
94
19
22
67
24
2
85
24
21
55
73
23
6
18.7014416559
53
43.5719212195
44.157808821
91
90
61
43
0
15
91
34
11
73
100
90
100
50
52
49
15
9.91846450573
25
51
35
75
58
24.3157238929
36
9
26.9018124542
44.7720442044
49
28
6.17106836095
11
34.3624122414
86
51
41.5100184253
27
90
92
81
14.9845496493
41.8267683734
82
46.8305308905
28.9095816399
80
22
6
24
20
20
1.87091751844
3.53864564061
49
41.2702135662
76
2
80
49.2393315799
19
26
25
64
6
57
30
43
48
86
92
82
54
24.0040342132
19
49.8563131822
47.9841739234
57
21
21.2720333594
35
29
5
19.0517691218
7.09034367284
71
9.46102308752
84
6.01555256384
96
47
76
46.3912744969
0
30
62
31.3070786766
0
92
54
94
37
42.3855262711
73
86
85
12
35.16846742
82
85
18.8775762136
43.1160361168
77
28.9459758652
78
11
84
40
63
40
78
10.3537033488
66
97
37
59
95
68
39.8712949494
22.747394477
6
41.2460751421
31
15.1949885175
88
49
32
18
36
44.2687179977
28
23.4436516495
98
47
35
51
30.585936775
40
0
2.99077214948
56
92
39.3219879988
73
29.5794340309
50
9
58
95
9
1
55
98
75
44.1927210014
100
89
76
3.34846728065
65
66
100
66
94
28.3710638562
85
42.3451317457
31
8
14
45
96
33
45.0229864671
37.7970749006
26
9.55556060166
3
80
98
11
71
12.2443079097
92
47
1
61
59
88
96
12.8176773139
84
15
6
21.5303484821
20.3193641392
99
14
5
16
12
61
64
86
9
56
42
31
24.1351989436
25.4803618627
0.268456750906
99
6.27708837534
42.1291484881
3
84
83
85
12.0536326243
37
89
61
44.1684093195
39
26
98
23
2.80980407714
83
47
5
49
21
4
2.92030112105
33
62
34.7956406141
73
79
96
25.2278185184
16
94
14
27.8644882719
44
5
61
58
25.6814094428
94
18.3647922419
29
9
9.90535578175
24.2607541963
38
10
19
12
98
40
95
79
22
42
38
63
2
81
7.9815951411
37
7
22.0521618343
10.5120676913
76
38.374987335
18
65
55
34.8728071192
39
75
30
44
12.6571520484
19
72
58
31.0270900299
93
6.13806978083
37.9920440047
26
88
30.1618333973
24.0704926325
51
32
36
38.6220691316
45
13.7268036615
22.1549435573
43.3134356742
1.10312293685
51
21
41.8529801251
35
5
62
37
72
11
11.1009598265
0.987518993582
12
22
74
36
11
45
61
48
39
53
5
94
38.8858294248
45.3828831782
10
38
73
96
59
20.2510081519
38
77
63
30
13.093922578
63
60
55
69
43
70
0.745995821755
83
7.00512050502
65
84
3
4
0
21
13
93
86
40
18.0743785511
40
30.7084417042
46
88
10
38.352355105
47
29
4
91
35.7337825881
76
62
5
93
35.2558900226
91
35.4692750305
18.4307568576
84
63
68
32.5781063967
46.5299597842
88
60
91
97
20
93
97
4
36
8
60
89
22.2079123582
25.6942190354
18
64
11.6871497809
43
14.7804892406
13
80
81
28.7926404645
57
8
45.2558663777
60
83
3
17.0416225198
92
37
27
24
86
71
76
45
15.3264204315
61
96
40
39.2214521625
13.8171682693
82
78
75
57
66
83
48
49.8908920122
68
24.1020837951
0.034785982458
22.3478207082
43
29
11
64
97
20
0
7
16
9
47
28.5402872487
20
17.3038739344
43
4
90
89
9.8213333548
46
89
32
8
26
100
19
28
74
31
35
24.5377294196
100
65
0.652686175781
2
71
28.5044630886
20
82
39
37
12.4225089953
97
43
36
15
88
69
17
94
25.8103128252
57
60
39.0640812423
54
43.1036612576
53
2.18574119412
15.9057000282
83
73
5.24150383882
56
35
47
85
35
38
11
37
7
64
10
65
87
44.5851518237
38.8092130153
34.8427845557
24.7244475059
50
49
78
24
30
87
31.493221669
82
26.2482104816
64
53
6.00016024048
39.3686651776
25.3129329018
54
24.7296093751
99
6
23.0311119362
11
27
9.27472888614
12.9922226638
67
72
74
0
40.9292475447
76
46
3
8.44284096537
38.7338830078
3
4
78
41
48
70
33
74
9.00209826256
83
85
16.7645271602
40.1512184842
5
15.738021495
28
5.24640335552
39
23.3456475491
1
45.0801076692
67
44.0523062877
26
82
25.6633975655
91
9
53
81
94
26.444340449
42
70
11
73
22
23.0829692245
19
4
98
39.7026412035
60
93
90
5.12438326307
1
37.3073612586
45
95
91
49
55
56
8.63439940438
6
10
25
36
9.679598944
39
2
59
26
91
98
3.9922687154
45.1723313364
33
64
46
89
72
58
77
43.1081335248
1
8.67495246204
61
50
50
63
16.0336610082
94
78
40
87
3.71798502858
24
10
49
0
40.6581809473
13.1943595357
28
72
53
12.9815651916
31
92
47
75
31
28
12.6310159672
24
74
14
74
24
14
61
81
43.0205575755
45.3597951386
21.7443728287
29
21.5332764707
74
79
43
17.4940074437
21
13.9978601296
35
81
5.02852630039
27.8334347707
42
42.9860008618
92
54
95
54
42
52
87
44.9149271655
91
1.26001932255
41.3177220714
94
46.3487259741
43
36
3
66
49.8918896666
10
23
5.92266236208
31
42
89
32.4554493989
51
79
28
54
100
17
80
39
58
11.6281358347
45.9254326692
4
11
62
64
47.6242826122
62
79
66
15.2824809292
55
8.58232343364
45
49
89
40.8954324078
61
64
42.158126524
25.5407902172
83
44.4332507766
44
82
94
55
32.0507226053
92
85
100
87
36.3629352154
51
27.2414832905
26.4839446781
42
41.4124694665
18
30
7.96158225142
10
24
46.8570600084
5.56285964553
18.3287641851
28.1382013859
5.55166367178
40
25
28.084596965
33
22
19
33
36.8435535062
16
10
29.305647285
74
56
18.0295518496
79
97
5
92
17
89
33.3993671142
71
10.0182680275
29
15.1760024479
36
3
54
19.4159200777
1
17.7580073355
35
23.057109467
5
24
24
64
34
98
40
3
25
24.301606752
85
30
31
60
23.6560100185
93
84
39.5563270534
85
44
66
89
2.58453166892
67
30
96
10.1699109755
52
48
54
34.9353199085
46.7020701482
2
87
33.9117365855
20
55
8
58
45
7
14
97
14
48
15
42
100
28
47.771358646
32
0.918621026489
93
14.1354028336
29
37
83
91
31
68
37
54
15
27
56
23
22.9271647764
63
18
6
69
12
86
54
96
42
9
17.5005182978
22
26
76
56
3.08378552728
51
32
0.50428592156
30
31
8
45.0595607506
25.1323428844
60
40
51
52
60
87
95
62
8
16.7277471812
2
93
64
51
85
34.4503410451
50
41
17
95
23.2435287944
57
41
36.4572493002
41
49
22
12
22
11
86
50
16.4937594153
17
30.7220737748
14
65
73
85
42.6935709159
15.5018328196
75
45
26.7724547342
10
11
0.632465677468
61
30.419076778
57
23.8844659885
73
4
15
19.839510568
39.363171937
69
37
27.0015818847
92
2.73477517282
52
45
75
35.2343287514
42
22
81
95
38.297987055
58
62
52
70
19
51
32.8410786771
29
37.8334917112
6
37.0508254589
30.8871907905
47
68
11.1641945926
26
48
91
28
21
29.7418337703
62
23
97
49
20
21
41.9657764436
11.1740814474
1
24.1782037422
11.4891088109
1
51
0
61
67
82
0
89
50
26.9362640921
26
22.1144124713
94
2
91
24
40
22.2321908601
27
6
23.7687540827
93
48
8
94
11
0.380504247995
74
17.5983103205
2
97
39
18
94
75
30.5912914647
78
19.0984766492
30
3.71159705171
91
34.1855955936
68
78
83
97
64
40
34.084966033
37
42
42
11.4381988395
21
50
1
8
96
91
35
16.3798822485
47
90
20.9238478959
79
42
77
29.7888832202
12
0
46.169832899
8
39.945478181
87
0
44.7073974478
43
95
87
86
25
32
56
50
89
8.57578972828
87
58
24
12.3158566122
39.6580532418
74
21
48
81
95
38
17
95
21
32
17
74
45.9672583397
31
35
11
27
14
100
35
23.5389243942
57
90
47.9529571699
32
9.30701617652
8
32
74
77
2.3940746222
16
18
45.9122508326
19
6.46752262358
31.9673729356
9
23.4620002488
79
39.4795565317
40.3745608432
38.5818169786
56
32.9525015282
20.4763666333
3.46880929107
76
16.98518503
99
61
50
86
99
32
19
18
81
89
98
39.8116393439
39
18
31
24
60
42
32
47.1562893783
96
38
49
20
52
1.8211440252
39
34
40
89
18.6901391847
39
2.30324869614
52
41.0566526185
10
15.7677863423
48
39
91
75
15.8156033174
40
61
18
33.8184055473
50
31.3763747318
72
36.2868654244
96
7.64925045756
68
48
34
50
32
38.1564449501
38
57
16.3680638118
20.8210678132
53
67
96
21
79
79
6
76
42
46
20.1875453523
47
63
9
11.8697348138
52
27
37
32.5634752834
11
0.787268481225
43.4602195221
12
11
40
73
26
38
53
84
37.3680314848
50
58
60
93
12.2197226016
36.5996974238
10
13
38
45
89
38
23
36.0631900702
13.5339416048
61
32
59
95
81
100
74
19
16
20
27
26.561270051
0
93
47
87
61
77
44.8737809388
39
78
32.4130648509
13.9896677994
96
37
36
5
51
5
35.5964165097
22
45
33
11
15.545326418
49.9604598258
7
3.40257176088
2
14.7334133733
9.45743397633
1.27665144508
24
42.9292512917
67
35
73
55
99
22.6582528881
48
35
42
39
94
82
14
86
41
3
33
91
55
19
87
45.853232621
39.3144322156
96
56
68
21
61
33
23.7856374057
17
13
4
0
48
8
2
21
89
21
36
76
2.83754683836
91
31
49.7414463202
14
16
50
14.0260323994
83
44
31
31.5534730877
58
7
44
39
86
44
5.08876352119
5
92
2.32887578141
37.1251908351
11.6373361545
22
46.0524327432
46
57
96
5
51
62
92
46.4698624648
88
100
23
48.1729128714
61
19.2437181368
66
61
42.934288235
63
19
39
10.2427262092
77
28
69
61
12
17
67
7
64
33
69
80
82
69
65
93
5
34
10.2972350441
59
29
3.90505105429
26.6137732104
1
24.3775739489
48.7454336062
64
49
0
4
83
21
21
84
27
43.6056136311
0.645488823503
72
23.371370226
25
88
29.3070405238
33.3843638957
46.1839302261
27
7
33
16
13
44
66
98
35
42
5
35
19.4691080753
47
50
11.5243115592
10
5.48999916992
17.7314299408
72
67
40
10
27
47.5305856336
94
74
5.61639021327
87
27
85
77
31
31
38
49
20.879525311
11
38.7998817346
95
21
48
37
79
93
80
34
23.1853610992
48.0267825711
16
46.6760499045
98
63
42.4410321877
99
74
89
31.2659684613
10
36
73
22
42.4734406243
14
48.8272286579
26.7374735921
20.968328899
8.18952108493
14.1573186841
96
15
58
7
56
92
49.1133009262
20.8817247395
24
42
84
80
17
59
92
42
30
40
48.0173359266
39
90
39.8461762897
95
8.32402491314
29.6476551826
30.552198709
4
57
3
1
8.83322291428
73
26.9020454715
5.04691593536
18.1456244054
15
14
96
3
6.75397931498
19.1889348478
53
30
98
29.6853717232
82
70
15.7959329303
68
36.7210174012
34
84
68
94
48.0984655409
41.5299324564
13.9880622675
58
28
80
4.95633215407
3.35367688832
23.6063856149
20
95
28
32
36
39
6
12
92
33.6242111957
41.3566411968
59
56
74
23.6622236035
68
49
47
27.8621572506
90
4.60697337205
71
12
37.4340714251
32
0
62
25
67
52
42.770179171
90
34
23
46
45
42.5432437175
24.483370777
59
41.9452233377
14
54
35
61
33
0
23.2580831192
17.9843871993
2
74
15.3838681086
71
16.4980087268
45.1546853958
30.1426707116
22
56
41
59
59
48
15.127956231
65
52
36.6883602246
53
45
29
46.8973301709
41
0.44880762829
0
32.6146892045
43
80
18
95
7
1.22808543688
19
45.8475828773
10.1744969009
21.7475465044
29
98
48.5435728691
1.7657636016
49
69
43
37.9598823874
19.5929728502
62
37.5068063507
20.7488614618
18
3
34
44
24
4
50
34
35
59
47
6
86
24
75
14.7093755823
0
2
64
94
45.2610361051
45
49
55
25
98
1
17
14.6409025559
4
52
55
69
69
7.30170936496
27.2480421228
37
21
69
90
27
0.615249731008
90
29
2
29
28.5502681655
20.4290156783
95
93
15
49.9328406677
22.3956984538
42.1913374684
77
20
41
55
61
59
17.4573910166
36
72
7
60
55
76
83
41
9.54582915183
6.46988155276
93
90
100
21
35
84
18.6369025596
43
60
66
25
61
7
2
43
10
20
6
80
39
4
3.52872468747
71
64
60
42.4896435684
78
46.3821829183
62
63
33
35
19
44
40.112308255
79
39.7733576752
49
36
31.7531317559
27.5131279328
6.50147427013
14.0327315285
97
68
59
0
59
99
42.5756814643
55
2
1
73
34
16
30
48.9350859975
98
24
71
39
45
39
33
73
30.5607712178
48.4118064821
23
42
12
99
61
54
38
94
53
47
86
25
10.3365427439
36
89
13
42
21.2867260532
35
72
29
93
98
30
34.3197783111
6.90271930711
38.0094040306
27.6261073599
23.7578252712
30.1988794614
73
49.3283577793
23
35
43
54
68
95
17
88
60
80
2.4376330619
15
85
61
44
49
68
71
3.39082695591
32
98
41.9905551895
25
72
39.8168648352
82
6.12108792134
16
8
90
62
47.0995964432
10
82
65
6
47.6071898987
40
70
3.45295925074
31
60
27.313883053
22
41.6068486254
63
100
13
37
8.08615420326
2
15
1.20679430215
6.71435778752
65
16.8567403846
52
55
25
4
36
34
13.6905364817
27
37.9146333687
60
62
41
5.6007929912
89
25
60
73
24
3
24
64
71
42
12.1669399745
35
35.9305703139
9.22151372181
45
16.8601586645
16.3270884698
90
22
24.2579190911
11
10
42
44
80
48.8460522291
23.2078081907
59
24
38
99
58
4.16502944853
26.3503234029
62
4
15
67
78
100
44.9308243171
42.1519993545
48.1064666095
12
26.8142846791
38
27
15.410146962
13
42.0903770389
84
67
40
42.3530221684
22.1463246315
46
34
56
34
40.8535012683
89
59
36.6969351861
9
26
7
20.7218298764
4.97255119725
39
18
4.23355644231
57
73
3.27621352357
52
4
76
89
12
83
44
88
66
49
15
94
21
28.046612654
29.7628121718
49.188733841
48
77
57
77
96
91
5
18.8903153403
98
34
34.7147403494
65
70
21.9514018753
20
86
17.6783474056
51
75
29
49.752020932
2.72983271665
15.9968472792
8.77222285687
58
41
85
72
32.0596174331
87
75
81
3.48284029294
24.9566137411
8
18
73
77
44
44
4.30665233854
45
47
37.1141265537
40.991942022
71
68
61
2
23.5666414077
91
82
71
55
66
14
85
15.4051989695
97
37
27.9876151445
31
16.8906325501
84
6.91563470151
25
44
47
16
60
19
48.1470018139
81
84
88
2
14
11.8152834098
93
61
60
25
91
49.0910025441
23.4340327208
58
91
10
68
71
13
38.746246493
11
18
13
12
5.16420749183
40
49.180255444
35
57
96
2.29805065354
62
18.1021596242
20
4.4614582257
56
21
4.11873735054
3
15
31
34.3000064114
31.9518478356
22
3.61739021229
22.5116930447
40
48
71
99
